timestamp,Step Name,Hold Stable,pump_flow,pump_head,pump_power,pump_speed,pump_valve,pid.flow_control.setpoint,pid.flow_control.pv,pid.flow_control.output,pid.flow_control.error,pid.head_control.setpoint,pid.head_control.pv,pid.head_control.output,pid.head_control.error
2026-03-13 20:09:18.009,Case 1,False,5.400256029145743,0.24492625432715334,1.4519722269369695,530.5935744672094,0.0,15.0,5.400256029145743,530.5935744672094,9.599743970854256,5.0,0.24492625432715334,0.0,4.7550737456728465
2026-03-13 20:09:20.007,Case 1,False,4.419336551874886,0.6322785416638591,1.548181208721641,650.9808723455498,0.0,15.0,4.419336551874886,650.9808723455498,10.580663448125115,5.0,0.6322785416638591,0.0,4.367721458336141
2026-03-13 20:09:22.008,Case 1,False,3.019993126090647,1.1291361399109265,1.270537564521434,792.7804538419999,0.0,15.0,3.019993126090647,792.7804538419999,11.980006873909353,5.0,1.1291361399109265,0.0,3.8708638600890737
2026-03-13 20:09:24.007,Case 1,False,1.8837384849227472,1.6990375428121185,0.804173961667351,941.7999770468033,0.0,15.0,1.8837384849227472,941.7999770468033,13.116261515077253,5.0,1.6990375428121185,0.0,3.3009624571878815
2026-03-13 20:09:26.010,Case 1,False,1.6728761154806284,2.291918898816026,0.7289167929735644,1079.5562131347451,0.0,15.0,1.6728761154806284,1079.5562131347451,13.327123884519372,5.0,2.291918898816026,0.0,2.708081101183974
2026-03-13 20:09:28.010,Case 1,False,1.902114090831786,2.9478703737641268,0.9839995177165201,1207.0347748959255,0.0,15.0,1.902114090831786,1207.0347748959255,13.097885909168214,5.0,2.9478703737641268,0.0,2.0521296262358732
2026-03-13 20:09:30.010,Case 1,False,2.0493456916513617,3.6311712790190787,1.1813354880739306,1334.0586238559601,0.0,15.0,2.0493456916513617,1334.0586238559601,12.95065430834864,5.0,3.6311712790190787,0.0,1.3688287209809213
2026-03-13 20:09:32.009,Case 1,False,2.3290984882052985,4.406530762038044,1.7676846569813616,1456.2910242346893,0.0,15.0,2.3290984882052985,1456.2910242346893,12.670901511794701,5.0,4.406530762038044,0.0,0.5934692379619557
2026-03-13 20:09:34.008,Case 1,False,2.497428385877958,5.221720737912936,2.227864806965188,1578.7690290065493,0.0,15.0,2.497428385877958,1578.7690290065493,12.502571614122042,5.0,5.221720737912936,0.0,-0.22172073791293556
2026-03-13 20:09:36.008,Case 1,False,4.547940941905394,5.6302106278110156,4.5157767803335345,1643.3039042020296,0.0,15.0,4.547940941905394,1643.3039042020296,10.452059058094605,5.0,5.6302106278110156,0.0,-0.6302106278110156
2026-03-13 20:09:38.011,Case 1,False,2.8696439340012874,6.7700271047693095,3.326013897712879,1792.5189362341066,0.0,15.0,2.8696439340012874,1792.5189362341066,12.130356065998713,5.0,6.7700271047693095,0.0,-1.7700271047693095
2026-03-13 20:09:40.007,Case 1,False,3.0629482068863663,7.817186767230094,4.2514442912123105,1909.0127451635437,0.0,15.0,3.0629482068863663,1909.0127451635437,11.937051793113634,5.0,7.817186767230094,0.0,-2.817186767230094
2026-03-13 20:09:42.007,Case 1,False,17.340377994620614,5.050216146603072,16.060205662105066,1678.5357171868102,57.88992292624406,15.0,17.340377994620614,1678.5357171868102,-2.3403779946206136,5.0,5.050216146603072,57.88992292624406,-0.05021614660307172
2026-03-13 20:09:44.008,Case 1,False,20.979446834467083,2.393441374894006,8.992703303912409,1555.1337453448245,57.88992292624406,15.0,20.979446834467083,1555.1337453448245,-5.979446834467083,5.0,2.393441374894006,57.88992292624406,2.606558625105994
2026-03-13 20:09:46.008,Case 1,False,15.396925929961295,3.9269002309753884,10.359656776127423,1634.6045142560652,0.0,15.0,15.396925929961295,1634.6045142560652,-0.39692592996129505,5.0,3.9269002309753884,0.0,1.0730997690246116
2026-03-13 20:09:48.007,Case 1,False,9.781622574124931,5.808421625276466,10.51826797564497,1775.178914212981,2.9652021282065473,15.0,9.781622574124931,1775.178914212981,5.218377425875069,5.0,5.808421625276466,2.9652021282065473,-0.8084216252764662
2026-03-13 20:09:50.010,Case 1,False,8.429377959906526,7.055149140763941,10.57169614570559,1863.978831331568,9.889987983418862,15.0,8.429377959906526,1863.978831331568,6.570622040093474,5.0,7.055149140763941,9.889987983418862,-2.055149140763941
2026-03-13 20:09:52.010,Case 1,False,10.180972601057139,7.281132523714582,13.048096950346155,1886.0135207866467,15.004548530892347,15.0,10.180972601057139,1886.0135207866467,4.819027398942861,5.0,7.281132523714582,15.004548530892347,-2.2811325237145823
2026-03-13 20:09:54.010,Case 1,False,12.444960997144012,6.893565086955098,14.92616096080969,1876.3043893287872,17.995199147249096,15.0,12.444960997144012,1876.3043893287872,2.555039002855988,5.0,6.893565086955098,17.995199147249096,-1.893565086955098
2026-03-13 20:09:56.009,Case 1,False,14.267573677627148,6.4009893334382495,16.271183444809978,1855.0141897152985,19.76049923234138,15.0,14.267573677627148,1855.0141897152985,0.7324263223728522,5.0,6.4009893334382495,19.76049923234138,-1.4009893334382495
2026-03-13 20:09:58.008,Case 1,True,15.068671140697802,5.905527110409274,15.960806298934187,1840.654909771665,20.49524959915136,15.0,15.068671140697802,1840.654909771665,-0.068671140697802,5.0,5.905527110409274,20.49524959915136,-0.9055271104092739
2026-03-13 20:10:00.008,Case 1,True,15.830276071835124,5.656839448320726,16.006724988302366,1818.5205675865107,21.267230713304013,15.0,15.830276071835124,1818.5205675865107,-0.8302760718351241,5.0,5.656839448320726,21.267230713304013,-0.656839448320726
2026-03-13 20:10:02.008,Case 1,True,16.163283632236904,5.363549530256419,15.27618766584381,1800.17549537743,21.305126040600413,15.0,16.163283632236904,1800.17549537743,-1.1632836322369045,5.0,5.363549530256419,21.305126040600413,-0.3635495302564191
2026-03-13 20:10:04.008,Case 1,True,16.305734592984397,5.151559215054451,14.735442572754659,1783.9110332879206,21.170505297527832,15.0,16.305734592984397,1783.9110332879206,-1.3057345929843969,5.0,5.151559215054451,21.170505297527832,-0.15155921505445136
2026-03-13 20:10:06.008,Case 1,True,16.340637108014327,5.0833080386267,14.349802894463254,1769.6408927215946,21.192523808791982,15.0,16.340637108014327,1769.6408927215946,-1.3406371080143273,5.0,5.0833080386267,21.192523808791982,-0.08330803862669978
2026-03-13 20:10:08.008,Case 1,True,16.271592753656865,4.9950549109038835,14.614695993120577,1757.767423022209,20.96388599931057,15.0,16.271592753656865,1757.767423022209,-1.271592753656865,5.0,4.9950549109038835,20.96388599931057,0.004945089096116462
2026-03-13 20:10:10.008,Case 1,True,15.982449363903408,4.957948597776834,14.176798037587972,1751.4869395806684,20.7936700035912,15.0,15.982449363903408,1751.4869395806684,-0.9824493639034078,5.0,4.957948597776834,20.7936700035912,0.042051402223165724
2026-03-13 20:10:12.010,Case 1,True,15.9803501108778,4.914732733649713,13.794181353554878,1741.0663387897766,20.519285687110084,15.0,15.9803501108778,1741.0663387897766,-0.9803501108778008,5.0,4.914732733649713,20.519285687110084,0.0852672663502867
